0.19040000438690186
0.19040000438690186
0.19040000438690186
0.19040000438690186
0.19040000438690186
0.19040000438690186
0.19040000438690186
0.19040000438690186
0.19040000438690186
0.22640001773834229
0.30720001459121704
0.38120001554489136
0.5315999984741211
0.6832000017166138
0.6832000017166138
0.6832000017166138
0.6832000017166138
0.6832000017166138
0.6832000017166138
0.6832000017166138
0.6832000017166138
0.6832000017166138
0.6832000017166138
0.6832000017166138
0.6832000017166138
0.6832000017166138
0.6832000017166138
0.6832000017166138
0.6832000017166138
0.6832000017166138
0.6832000017166138
0.6832000017166138
0.6832000017166138
0.6832000017166138
0.6832000017166138
0.6832000017166138
0.6832000017166138
0.6832000017166138
0.6832000017166138
0.6832000017166138
0.6832000017166138
0.6832000017166138
0.6832000017166138
0.6832000017166138
0.6832000017166138
0.6832000017166138
0.6832000017166138
0.6832000017166138
0.6832000017166138
0.6832000017166138
0.6835999488830566
0.6899999976158142
0.6912000179290771
0.6907999515533447
0.6912000179290771
0.5315999984741211
0.38120001554489136
0.30720001459121704
0.22640001773834229
0.19040000438690186
0.0
0.0
0.0
0.0
0.0
0.0
0.0
0.0
0.0
0.0
0.0
0.0
0.0
0.0
0.0
0.0
0.0
0.0
0.0
0.0
0.0
0.0
0.0
0.0
0.0
