0.18639999628067017
0.18639999628067017
0.18639999628067017
0.18639999628067017
0.18639999628067017
0.18639999628067017
0.18639999628067017
0.18639999628067017
0.18639999628067017
0.18639999628067017
0.18639999628067017
0.18639999628067017
0.18639999628067017
0.18639999628067017
0.18639999628067017
0.18639999628067017
0.18639999628067017
0.18639999628067017
0.18639999628067017
0.3747999668121338
0.5103999972343445
0.5103999972343445
0.5108000040054321
0.5108000040054321
0.5108000040054321
0.7148000001907349
0.7148000001907349
0.7699999809265137
1.0
1.0
1.0
1.0
1.0
1.0
1.0
1.0
1.0
1.0
1.0
1.0
1.0
1.0
1.0
1.0
1.0
1.0
1.0
1.0
1.0
1.0
1.0
1.0
1.0
1.0
1.0
1.0
1.0
1.0
1.0
1.0
1.0
1.0
1.0
1.0
1.0
1.0
1.0
1.0
1.0
1.0
0.8832000017166138
0.7835999488830566
0.6899999976158142
0.6912000179290771
0.6907999515533447
0.6912000179290771
0.5315999984741211
0.38120001554489136
0.30720001459121704
0.22640001773834229
0.19040000438690186
0.0
0.0
0.0
0.0
0.0
0.0
0.0
0.0
0.0
0.0
0.0
0.0
0.0
0.0
0.0
0.0
0.0